135
219
260
277
254
270
153
223
395
26
235
209
365
419
426
462
197
367
354
202
403
107
27
396
69
328
371
267
102
186
305
110
193
256
219
313
195
455
391
302
258
101
31
40
72
178
250
175
116
281
427
488
487
226
381
314
342
292
355
425
237
335
11
372
361
199
276
309
16
372
195
139
359
63
343
485
402
42
16
156
206
312
214
376
402
394
380
306
250
489
111
271
308
89
231
225
341
45
298
366
281
297
318
183
146
81
200
69
352
11
31
181
488
197
147
330
3
189
391
145
243
83
472
266
176
141
239
107
301
288
306
466
319
143
105
47
229
5
385
253
495
33
102
3
228
10
491
473
373
434
231
104
70
393
482
158
230
52
154
182
447
91
302
385
58
96
180
473
144
403
176
33
394
294
404
429
5
261
127
351
246
306
202
196
184
145
164
409
489
459
43
287
203
51
295
378
16
54
358
486
301
56
187
228
483
468
370
328
493
147
352
23
358
362
269
176
125
40
427
355
445
271
290
150
147
136
412
498
403
290
285
236
31
235
76
68
280
457
82
75
29
447
423
94
278
336
245
355
190
153
326
292
496
128
299
359
176
316
440
411
450
491
140
297
184
386
466
476
422
177
178
351
485
441
234
377
151
336
446
140
53
371
255
68
174
362
182
205
27
495
496
198
161
237
44
4
471
145
308
312
457
9
98
496
374
473
346
216
314
9
459
482
463
172
405
370
500
65
419
382
162
141
194
474
349
219
123
248
433
44
8
20
192
237
495
131
111
19
1
207
202
462
262
8
221
148
446
341
41
492
74
415
178
424
422
141
352
151
483
201
499
480
117
78
390
156
318
270
97
169
376
236
150
9
276
158
297
474
248
179
489
479
257
4
127
322
38
349
188
185
455
480
197
192
306
454
288
22
152
22
81
317
341
45
97
208
135
81
491
94
481
421
116
100
222
429
389
18
63
78
48
6
307
449
485
235
111
393
303
373
135
284
311
487
472
158
143
283
20
169
4
474
69
275
483
71
314
386
206
129
282
496
424
139
257
346
274
500
31
46
150
477
65
198
179
38
478
33
31
226
48
407
305
338
327
246
186
91
175
78
43
339
436
208
124
184
392
373
406
428
174
386
20
482
281
421
474
103
128
454
